3.263E-17, 3.353E-17, 3.431E-17, 3.498E-17, 3.554E-17, 3.451E-17, 3.493E-17, 3.533E-17, 3.573E-17, 3.618E-17, 3.663E-17, 3.713E-17, 3.756E-17, 3.798E-17, 3.830E-17, 3.860E-17, 3.878E-17, 3.888E-17, 3.889E-17, 3.885E-17, 3.876E-17, 3.768E-17, 3.756E-17, 3.741E-17, 3.723E-17, 3.702E-17, 3.680E-17, 3.653E-17, 3.620E-17, 3.618E-17, 3.569E-17, 3.507E-17, 3.428E-17, 3.328E-17, 3.207E-17, 3.068E-17, 2.905E-17, 2.762E-17, 2.635E-17, 2.528E-17, 2.446E-17, 2.385E-17, 2.342E-17, 2.311E-17, 2.289E-17, 2.273E-17, 2.262E-17, 2.250E-17, 2.244E-17, 2.241E-17, 2.237E-17, 2.233E-17, 2.229E-17, 2.242E-17, 2.239E-17, 2.236E-17, 2.235E-17, 2.236E-17, 2.241E-17, 2.248E-17, 2.260E-17, 2.278E-17, 2.305E-17, 2.341E-17, 2.513E-17, 2.577E-17, 2.654E-17, 2.742E-17, 2.841E-17, 2.947E-17, 3.056E-17, 3.163E-17
2.376E-17, 2.398E-17, 2.363E-17, 2.373E-17, 2.381E-17, 2.393E-17, 2.469E-17, 3.210E-17, 5.553E-17, 6.505E-17, 6.675E-17, 6.749E-17, 6.811E-17, 6.876E-17, 6.956E-17, 7.281E-17, 7.375E-17, 7.636E-17, 7.951E-17, 8.216E-17, 8.474E-17, 8.612E-17, 8.807E-17, 8.952E-17, 8.987E-17, 9.006E-17, 8.882E-17, 8.634E-17, 8.511E-17, 8.437E-17, 8.537E-17, 8.505E-17, 8.471E-17, 8.313E-17, 7.205E-17, 3.999E-17, 2.338E-17, 2.082E-17, 2.046E-17, 2.040E-17, 2.038E-17, 2.038E-17, 2.038E-17, 2.037E-17, 2.030E-17, 1.999E-17, 1.879E-17, 1.764E-17, 1.736E-17, 1.730E-17, 1.725E-17, 1.714E-17, 1.683E-17, 1.567E-17, 1.431E-17, 1.260E-17, 1.144E-17, 1.119E-17, 1.248E-17, 1.323E-17, 1.403E-17, 1.462E-17, 1.439E-17, 1.464E-17, 1.523E-17, 1.680E-17, 1.848E-17, 1.943E-17, 2.016E-17, 2.094E-17, 2.264E-17, 2.309E-17
1.733E-17, 1.823E-17, 1.946E-17, 1.974E-17, 2.050E-17, 2.153E-17, 2.235E-17, 2.366E-17, 3.068E-17, 3.703E-17, 3.896E-17, 4.132E-17, 4.403E-17, 4.827E-17, 5.961E-17, 6.957E-17, 8.795E-17, 1.169E-16, 1.385E-16, 1.577E-16, 1.663E-16, 1.651E-16, 1.545E-16, 1.476E-16, 1.454E-16, 1.476E-16, 1.506E-16, 1.498E-16, 1.422E-16, 1.273E-16, 1.189E-16, 1.128E-16, 1.013E-16, 8.661E-17, 7.047E-17, 5.629E-17, 4.291E-17, 3.460E-17, 3.517E-17, 2.874E-17, 2.310E-17, 2.166E-17, 2.031E-17, 1.880E-17, 1.644E-17, 1.497E-17, 1.439E-17, 1.403E-17, 1.294E-17, 1.239E-17, 1.217E-17, 1.213E-17, 1.176E-17, 9.194E-18, 6.524E-18, 6.036E-18, 5.907E-18, 6.388E-18, 7.351E-18, 8.190E-18, 9.163E-18, 9.480E-18, 9.247E-18, 8.604E-18, 7.903E-18, 7.892E-18, 8.216E-18, 8.632E-18, 9.598E-18, 1.023E-17, 1.099E-17, 1.433E-17
4.122E-17, 5.211E-17, 6.340E-17, 6.304E-17, 5.472E-17, 4.505E-17, 4.388E-17, 4.275E-17, 4.378E-17, 4.642E-17, 4.857E-17, 4.952E-17, 5.593E-17, 5.613E-17, 5.152E-17, 5.782E-17, 8.634E-17, 1.242E-16, 1.601E-16, 1.994E-16, 2.141E-16, 2.669E-16, 3.203E-16, 3.178E-16, 2.902E-16, 2.627E-16, 2.484E-16, 2.177E-16, 1.987E-16, 1.958E-16, 1.863E-16, 1.774E-16, 1.684E-16, 1.494E-16, 1.234E-16, 1.000E-16, 7.398E-17, 5.383E-17, 4.601E-17, 4.320E-17, 4.142E-17, 3.861E-17, 3.639E-17, 3.725E-17, 3.694E-17, 3.518E-17, 2.565E-17, 2.268E-17, 2.001E-17, 1.813E-17, 1.777E-17, 1.732E-17, 1.410E-17, 1.289E-17, 1.173E-17, 1.141E-17, 1.226E-17, 1.404E-17, 1.724E-17, 2.075E-17, 2.299E-17, 3.378E-17, 3.622E-17, 3.622E-17, 3.595E-17, 3.007E-17, 2.658E-17, 2.628E-17, 2.626E-17, 2.741E-17, 3.227E-17, 3.539E-17
1.082E-16, 1.122E-16, 1.148E-16, 1.200E-16, 1.290E-16, 1.414E-16, 1.427E-16, 1.320E-16, 1.146E-16, 1.054E-16, 9.570E-17, 8.520E-17, 8.301E-17, 8.152E-17, 8.713E-17, 1.271E-16, 1.835E-16, 2.344E-16, 2.810E-16, 3.246E-16, 3.517E-16, 8.160E-16, 8.512E-16, 8.589E-16, 8.958E-16, 8.216E-16, 8.100E-16, 6.770E-16, 5.070E-16, 3.598E-16, 2.545E-16, 1.925E-16, 1.651E-16, 1.526E-16, 1.371E-16, 1.336E-16, 1.299E-16, 1.155E-16, 1.021E-16, 1.022E-16, 9.951E-17, 9.779E-17, 9.355E-17, 8.915E-17, 8.569E-17, 6.885E-17, 5.135E-17, 4.687E-17, 4.322E-17, 4.316E-17, 3.983E-17, 3.463E-17, 3.148E-17, 3.065E-17, 2.668E-17, 2.156E-17, 1.861E-17, 1.769E-17, 1.771E-17, 1.836E-17, 1.939E-17, 2.866E-17, 3.965E-17, 4.594E-17, 4.551E-17, 4.613E-17, 5.232E-17, 6.952E-17, 8.204E-17, 8.172E-17, 8.913E-17, 9.927E-17
1.531E-16, 1.740E-16, 2.068E-16, 2.379E-16, 2.381E-16, 2.480E-16, 2.362E-16, 2.260E-16, 2.144E-16, 2.000E-16, 1.836E-16, 1.623E-16, 1.503E-16, 1.418E-16, 1.405E-16, 1.546E-16, 1.736E-16, 2.114E-16, 2.746E-16, 3.732E-16, 4.532E-16, 1.030E-15, 1.704E-15, 2.060E-15, 1.967E-15, 1.690E-15, 1.597E-15, 1.458E-15, 1.256E-15, 1.014E-15, 8.093E-16, 8.019E-16, 4.184E-16, 3.977E-16, 3.497E-16, 3.071E-16, 2.601E-16, 2.437E-16, 2.229E-16, 2.061E-16, 1.850E-16, 1.790E-16, 1.757E-16, 1.734E-16, 9.265E-17, 9.101E-17, 9.041E-17, 5.929E-17, 5.783E-17, 5.621E-17, 5.515E-17, 5.490E-17, 5.393E-17, 5.309E-17, 5.254E-17, 3.417E-17, 3.370E-17, 2.891E-17, 2.476E-17, 2.640E-17, 2.660E-17, 2.671E-17, 4.088E-17, 6.293E-17, 9.001E-17, 9.005E-17, 1.321E-16, 1.413E-16, 1.689E-16, 1.706E-16, 1.594E-16, 1.539E-16
3.417E-16, 3.342E-16, 3.532E-16, 3.881E-16, 4.088E-16, 3.844E-16, 3.256E-16, 2.530E-16, 2.335E-16, 1.996E-16, 1.981E-16, 1.122E-16, 1.086E-16, 9.447E-17, 9.225E-17, 9.560E-17, 9.216E-17, 8.824E-17, 9.189E-17, 1.445E-16, 7.209E-16, 2.387E-15, 3.617E-15, 4.562E-15, 4.137E-15, 3.260E-15, 2.335E-15, 1.991E-15, 1.683E-15, 1.514E-15, 1.386E-15, 1.262E-15, 1.258E-15, 8.061E-16, 7.874E-16, 6.606E-16, 5.176E-16, 4.235E-16, 3.438E-16, 2.877E-16, 2.444E-16, 2.325E-16, 2.121E-16, 1.912E-16, 1.908E-16, 1.272E-16, 1.254E-16, 1.199E-16, 1.189E-16, 1.122E-16, 1.030E-16, 9.833E-17, 8.487E-17, 7.044E-17, 6.357E-17, 5.557E-17, 5.097E-17, 4.247E-17, 3.675E-17, 3.571E-17, 3.525E-17, 4.163E-17, 6.505E-17, 7.230E-17, 9.159E-17, 1.569E-16, 2.123E-16, 1.934E-16, 1.915E-16, 2.053E-16, 3.141E-16, 4.017E-16
6.999E-16, 6.809E-16, 6.346E-16, 6.164E-16, 4.730E-16, 4.673E-16, 2.253E-16, 2.220E-16, 1.935E-16, 1.611E-16, 1.263E-16, 9.669E-17, 9.894E-17, 9.988E-17, 9.327E-17, 1.003E-16, 1.008E-16, 8.907E-17, 8.309E-17, 2.451E-16, 1.067E-15, 3.674E-15, 7.000E-15, 7.527E-15, 6.074E-15, 4.349E-15, 3.467E-15, 2.574E-15, 2.266E-15, 1.964E-15, 1.652E-15, 1.439E-15, 1.190E-15, 9.294E-16, 8.247E-16, 7.631E-16, 6.951E-16, 6.140E-16, 5.133E-16, 4.703E-16, 3.999E-16, 3.287E-16, 2.907E-16, 2.370E-16, 2.020E-16, 2.036E-16, 2.027E-16, 1.944E-16, 1.842E-16, 1.630E-16, 1.455E-16, 1.286E-16, 1.302E-16, 1.288E-16, 9.896E-17, 7.456E-17, 5.513E-17, 5.037E-17, 4.732E-17, 4.753E-17, 6.871E-17, 9.073E-17, 1.282E-16, 1.877E-16, 3.540E-16, 6.877E-16, 4.167E-16, 3.429E-16, 3.343E-16, 4.785E-16, 6.148E-16, 7.989E-16
2.014E-15, 1.521E-15, 1.069E-15, 6.236E-16, 4.279E-16, 3.020E-16, 2.461E-16, 1.847E-16, 1.704E-16, 1.491E-16, 1.340E-16, 1.211E-16, 1.102E-16, 8.881E-17, 8.949E-17, 8.953E-17, 8.116E-17, 8.257E-17, 7.140E-17, 1.369E-16, 9.553E-16, 3.254E-15, 5.964E-15, 6.419E-15, 5.551E-15, 3.769E-15, 3.246E-15, 2.621E-15, 2.061E-15, 1.817E-15, 1.552E-15, 1.272E-15, 1.195E-15, 9.994E-16, 8.629E-16, 7.031E-16, 6.744E-16, 5.965E-16, 5.597E-16, 5.027E-16, 4.394E-16, 3.801E-16, 3.811E-16, 3.423E-16, 3.412E-16, 3.511E-16, 3.088E-16, 2.645E-16, 2.209E-16, 2.041E-16, 1.800E-16, 1.594E-16, 1.379E-16, 1.301E-16, 1.062E-16, 8.751E-17, 6.991E-17, 6.421E-17, 5.824E-17, 8.386E-17, 2.462E-16, 3.216E-16, 3.632E-16, 3.580E-16, 3.764E-16, 5.723E-16, 5.433E-16, 8.968E-16, 1.279E-15, 2.229E-15, 3.450E-15, 2.697E-15
1.768E-15, 1.209E-15, 8.957E-16, 6.028E-16, 4.455E-16, 3.021E-16, 2.256E-16, 1.509E-16, 1.178E-16, 9.817E-17, 7.225E-17, 5.534E-17, 5.966E-17, 8.124E-17, 7.216E-17, 6.334E-17, 7.114E-17, 7.163E-17, 6.138E-17, 7.089E-17, 5.586E-16, 1.271E-15, 3.969E-15, 5.793E-15, 7.920E-15, 5.611E-15, 5.217E-15, 3.604E-15, 1.980E-15, 1.280E-15, 8.969E-16, 9.212E-16, 7.468E-16, 7.200E-16, 6.737E-16, 6.788E-16, 6.827E-16, 6.305E-16, 5.488E-16, 5.218E-16, 5.064E-16, 5.825E-16, 5.017E-16, 5.066E-16, 4.618E-16, 4.161E-16, 3.256E-16, 2.560E-16, 2.288E-16, 1.907E-16, 1.587E-16, 1.404E-16, 1.151E-16, 1.204E-16, 1.021E-16, 8.236E-17, 7.971E-17, 7.326E-17, 7.604E-17, 2.835E-16, 4.889E-16, 6.725E-16, 5.913E-16, 4.243E-16, 7.156E-16, 2.126E-15, 2.493E-15, 2.154E-15, 1.606E-15, 1.963E-15, 1.437E-15, 1.908E-15
9.063E-16, 6.287E-16, 4.432E-16, 3.768E-16, 2.753E-16, 2.196E-16, 1.564E-16, 1.272E-16, 9.287E-17, 5.651E-17, 4.763E-17, 3.676E-17, 4.362E-17, 5.187E-17, 4.111E-17, 3.232E-17, 5.163E-17, 5.661E-17, 4.462E-17, 7.805E-17, 2.494E-16, 1.758E-15, 8.605E-15, 2.121E-14, 1.802E-14, 1.206E-14, 6.156E-15, 3.423E-15, 2.513E-15, 1.562E-15, 1.198E-15, 9.640E-16, 6.995E-16, 6.480E-16, 6.266E-16, 5.379E-16, 4.771E-16, 4.477E-16, 4.920E-16, 4.085E-16, 5.027E-16, 8.558E-16, 1.810E-15, 1.077E-15, 7.355E-16, 7.943E-16, 5.399E-16, 3.465E-16, 2.717E-16, 1.940E-16, 1.147E-16, 7.985E-17, 6.215E-17, 7.404E-17, 5.906E-17, 6.005E-17, 5.338E-17, 6.043E-17, 1.817E-16, 1.298E-15, 1.051E-15, 8.800E-16, 1.344E-15, 1.430E-15, 7.711E-15, 1.305E-14, 8.571E-15, 4.687E-15, 9.867E-16, 5.071E-16, 1.119E-15, 1.096E-15
3.091E-16, 3.301E-16, 3.789E-16, 4.113E-16, 2.380E-16, 2.062E-16, 1.429E-16, 8.331E-17, 6.664E-17, 6.813E-17, 4.226E-17, 1.770E-17, 1.352E-17, 1.924E-17, 2.439E-17, 2.427E-17, 2.566E-17, 2.690E-17, 3.010E-17, 1.572E-17, 9.573E-17, 1.748E-15, 1.535E-14, 2.586E-14, 2.023E-14, 1.766E-14, 1.005E-14, 6.152E-15, 4.340E-15, 3.217E-15, 1.517E-15, 8.287E-16, 4.622E-16, 2.705E-16, 2.460E-16, 2.535E-16, 3.991E-16, 3.380E-16, 3.042E-16, 9.010E-16, 1.442E-15, 4.634E-15, 7.422E-15, 2.402E-15, 1.482E-15, 1.624E-15, 9.282E-16, 4.795E-16, 1.796E-16, 1.273E-16, 7.739E-17, 6.265E-17, 4.900E-17, 2.977E-17, 1.904E-17, 2.760E-17, 4.477E-17, 4.625E-17, 2.056E-16, 1.774E-15, 3.594E-15, 5.771E-15, 5.921E-15, 1.053E-14, 2.338E-14, 2.525E-14, 2.022E-14, 5.227E-15, 1.252E-15, 4.567E-16, 5.382E-16, 4.646E-16
2.337E-16, 2.241E-16, 4.303E-16, 3.134E-16, 2.104E-16, 1.605E-16, 1.062E-16, 8.138E-17, 5.455E-17, 3.649E-17, 4.116E-17, 2.286E-17, 1.066E-17, 1.084E-17, 1.478E-17, 1.778E-17, 1.764E-17, 1.545E-17, 1.213E-17, 6.684E-17, 4.681E-16, 1.362E-15, 2.832E-14, 3.991E-14, 3.545E-14, 4.236E-14, 3.245E-14, 1.452E-14, 7.539E-15, 3.487E-15, 1.695E-15, 3.252E-16, 1.146E-16, 9.559E-17, 7.337E-17, 1.309E-16, 2.081E-16, 1.121E-16, 1.555E-16, 1.748E-15, 4.486E-15, 1.056E-14, 1.192E-14, 6.735E-15, 5.357E-15, 4.495E-15, 1.918E-15, 6.118E-16, 1.558E-16, 3.206E-17, 5.996E-17, 3.741E-17, 2.049E-17, 1.996E-17, 2.360E-17, 1.344E-17, 9.879E-18, 5.766E-17, 1.213E-16, 8.640E-16, 6.547E-15, 1.039E-14, 2.120E-14, 2.736E-14, 3.535E-14, 2.823E-14, 1.254E-14, 3.366E-15, 1.097E-15, 5.741E-16, 3.780E-16, 3.236E-16
3.853E-16, 2.403E-16, 1.371E-16, 9.775E-17, 1.220E-16, 1.032E-16, 4.289E-17, 3.322E-17, 1.623E-17, 8.693E-18, 6.289E-18, 5.238E-18, 5.545E-18, 5.081E-18, 4.584E-18, 5.997E-18, 4.416E-18, 5.821E-18, 8.718E-17, 1.687E-15, 2.490E-15, 7.451E-15, 4.097E-14, 7.749E-14, 5.813E-14, 4.792E-14, 3.270E-14, 4.287E-14, 1.612E-14, 1.229E-15, 2.843E-16, 8.245E-17, 2.776E-17, 4.346E-17, 3.031E-17, 1.002E-16, 1.481E-16, 4.567E-16, 1.614E-15, 4.114E-15, 9.251E-15, 3.537E-14, 4.127E-14, 2.092E-14, 2.239E-14, 2.103E-14, 9.353E-15, 6.219E-16, 1.684E-16, 9.842E-17, 7.282E-17, 2.786E-17, 1.824E-17, 1.464E-17, 1.566E-17, 8.841E-18, 1.107E-17, 2.976E-17, 2.101E-16, 1.402E-15, 5.975E-15, 1.143E-14, 3.151E-14, 2.480E-14, 1.911E-14, 2.147E-14, 8.533E-15, 1.690E-15, 9.869E-16, 5.938E-16, 2.853E-16, 5.046E-16
1.449E-15, 2.836E-16, 1.260E-16, 2.358E-17, 2.584E-17, 5.265E-17, 3.629E-17, 2.906E-17, 1.505E-17, 5.139E-18, 2.944E-18, 1.875E-18, 2.370E-18, 2.556E-18, 2.831E-18, 1.889E-18, 2.875E-18, 1.018E-16, 8.448E-17, 6.634E-16, 9.129E-15, 4.429E-14, 4.735E-14, 4.947E-14, 5.720E-14, 6.614E-14, 7.490E-14, 8.243E-14, 2.096E-14, 1.458E-15, 1.627E-16, 2.995E-17, 4.237E-17, 6.429E-17, 1.194E-16, 1.530E-16, 6.823E-16, 1.411E-15, 2.322E-14, 3.666E-14, 6.878E-14, 1.105E-13, 1.273E-13, 5.655E-14, 2.443E-14, 3.423E-14, 9.444E-15, 3.412E-16, 7.924E-17, 1.040E-16, 4.945E-17, 2.877E-17, 1.958E-17, 9.728E-18, 1.288E-17, 1.636E-17, 2.462E-17, 3.742E-17, 1.752E-16, 6.729E-16, 1.685E-15, 3.924E-15, 6.386E-15, 1.286E-14, 2.471E-14, 2.114E-14, 1.066E-14, 1.119E-15, 5.218E-16, 4.073E-16, 6.171E-16, 1.919E-15
2.629E-16, 1.260E-16, 1.882E-17, 8.552E-18, 6.272E-18, 6.426E-18, 2.832E-17, 8.197E-18, 4.004E-18, 1.750E-18, 1.134E-18, 9.121E-19, 7.467E-19, 1.319E-18, 2.122E-18, 3.393E-18, 3.159E-17, 4.637E-16, 8.771E-16, 2.598E-15, 1.648E-14, 5.170E-14, 8.743E-14, 8.471E-14, 7.852E-14, 8.859E-14, 1.133E-13, 1.287E-13, 2.417E-14, 2.546E-15, 1.428E-16, 3.445E-17, 2.979E-17, 8.760E-17, 1.249E-16, 1.804E-16, 3.350E-16, 6.878E-15, 1.967E-14, 9.876E-14, 1.833E-13, 1.748E-13, 1.317E-13, 1.159E-13, 2.497E-14, 3.546E-15, 3.089E-15, 9.545E-17, 3.143E-17, 1.489E-17, 9.513E-18, 1.265E-17, 2.223E-17, 2.907E-17, 4.857E-17, 5.688E-17, 7.030E-17, 6.046E-17, 1.084E-16, 1.417E-16, 2.786E-16, 3.920E-16, 1.183E-15, 6.767E-15, 1.984E-14, 2.552E-14, 1.113E-14, 3.665E-15, 1.593E-15, 3.197E-16, 2.689E-16, 3.855E-16
3.863E-17, 1.365E-17, 5.342E-18, 2.971E-18, 1.625E-18, 8.615E-19, 1.212E-18, 1.415E-18, 1.219E-18, 1.290E-18, 8.226E-19, 5.811E-19, 7.495E-19, 1.436E-18, 4.401E-18, 1.626E-17, 1.163E-16, 8.569E-16, 4.718E-15, 1.174E-14, 4.786E-14, 4.056E-14, 1.069E-13, 1.313E-13, 1.234E-13, 1.215E-13, 1.306E-13, 1.203E-13, 4.195E-14, 2.359E-15, 2.978E-16, 1.303E-16, 1.700E-16, 1.818E-16, 2.427E-16, 4.813E-16, 1.519E-15, 4.004E-15, 3.253E-14, 9.144E-14, 9.267E-14, 9.352E-14, 9.916E-14, 5.217E-14, 1.529E-14, 8.886E-16, 1.138E-16, 3.778E-17, 1.948E-17, 1.613E-17, 1.615E-17, 2.216E-17, 4.924E-17, 1.140E-16, 4.520E-16, 1.602E-15, 4.713E-15, 2.398E-15, 2.185E-15, 2.097E-15, 9.913E-16, 1.009E-15, 4.746E-15, 2.339E-14, 4.527E-14, 2.819E-14, 1.942E-14, 6.538E-15, 2.559E-15, 4.689E-16, 1.092E-16, 5.848E-17
3.167E-18, 1.495E-18, 1.032E-18, 7.298E-19, 6.350E-19, 8.625E-19, 1.202E-18, 2.792E-18, 3.528E-18, 4.275E-18, 3.401E-18, 3.169E-18, 2.680E-18, 4.629E-18, 1.352E-17, 1.192E-16, 4.117E-16, 2.691E-15, 7.331E-15, 2.154E-14, 5.374E-14, 1.273E-13, 1.896E-13, 1.987E-13, 1.706E-13, 1.891E-13, 9.374E-14, 5.314E-14, 1.008E-14, 1.172E-15, 8.169E-16, 5.714E-16, 6.167E-16, 6.168E-16, 7.220E-16, 1.688E-15, 5.520E-15, 3.556E-14, 6.083E-14, 9.292E-14, 9.021E-14, 8.189E-14, 5.612E-14, 4.526E-14, 1.207E-14, 6.261E-16, 6.524E-17, 3.628E-17, 3.496E-17, 6.034E-17, 1.162E-16, 1.647E-16, 1.787E-16, 4.017E-16, 2.385E-15, 1.255E-14, 3.392E-14, 2.925E-14, 3.471E-14, 1.712E-14, 9.841E-15, 7.617E-15, 2.032E-14, 6.283E-14, 5.487E-14, 2.152E-14, 8.033E-15, 2.897E-15, 4.639E-16, 1.180E-16, 3.917E-17, 8.195E-18
1.167E-18, 1.788E-18, 6.302E-19, 8.783E-19, 1.068E-18, 1.766E-18, 3.162E-18, 5.047E-18, 9.220E-18, 1.056E-17, 1.218E-17, 1.423E-17, 1.614E-17, 2.286E-17, 3.439E-17, 1.907E-16, 7.201E-16, 2.162E-15, 5.441E-15, 2.204E-14, 7.152E-14, 1.933E-13, 1.381E-13, 1.215E-13, 9.764E-14, 7.851E-14, 2.030E-14, 6.668E-15, 2.524E-15, 7.110E-16, 4.749E-16, 6.535E-16, 1.082E-15, 3.347E-15, 3.568E-15, 2.105E-15, 2.019E-15, 4.844E-15, 4.459E-15, 1.938E-14, 1.991E-14, 1.106E-14, 3.512E-15, 1.951E-15, 1.977E-16, 1.019E-16, 1.098E-16, 7.095E-17, 1.255E-16, 2.878E-16, 7.249E-16, 1.504E-15, 1.318E-15, 9.417E-16, 3.881E-15, 1.604E-14, 1.262E-14, 2.055E-14, 3.039E-14, 7.516E-15, 4.342E-15, 2.683E-15, 1.205E-15, 1.337E-15, 1.717E-15, 8.020E-16, 2.977E-15, 1.441E-15, 1.018E-17, 4.501E-18, 1.551E-18, 1.297E-18
8.667E-18, 5.881E-18, 3.046E-18, 4.271E-18, 1.195E-17, 1.678E-17, 2.402E-17, 4.846E-17, 6.448E-17, 3.502E-17, 2.764E-17, 4.227E-17, 3.537E-17, 5.976E-17, 6.959E-17, 2.321E-16, 3.407E-16, 1.181E-15, 2.709E-15, 8.792E-15, 2.359E-14, 4.935E-14, 4.767E-14, 6.538E-14, 3.297E-14, 1.719E-14, 5.132E-15, 2.216E-15, 9.449E-16, 4.532E-16, 4.058E-16, 5.747E-16, 8.923E-16, 8.346E-16, 2.804E-15, 8.844E-16, 9.777E-16, 2.137E-15, 1.380E-15, 2.028E-15, 4.686E-15, 1.402E-15, 3.214E-16, 2.174E-16, 5.357E-17, 4.079E-17, 5.360E-17, 5.656E-17, 1.752E-16, 4.266E-16, 7.514E-16, 1.324E-15, 1.397E-15, 1.009E-15, 1.841E-15, 2.041E-15, 2.087E-15, 3.474E-15, 3.697E-15, 3.248E-15, 3.547E-15, 2.176E-15, 8.904E-17, 1.101E-16, 1.650E-16, 8.582E-17, 1.289E-16, 1.093E-16, 1.381E-16, 6.662E-17, 2.579E-17, 1.138E-17
2.303E-17, 3.168E-17, 3.414E-17, 3.219E-17, 2.140E-17, 2.355E-17, 2.258E-17, 5.122E-17, 5.227E-17, 8.089E-17, 8.100E-17, 7.953E-17, 5.304E-17, 4.261E-17, 4.484E-16, 1.738E-16, 3.012E-16, 1.315E-15, 1.915E-15, 5.664E-15, 4.075E-15, 3.901E-15, 3.066E-15, 2.335E-15, 2.748E-15, 3.500E-15, 2.081E-15, 1.481E-15, 7.217E-16, 3.083E-16, 3.321E-16, 4.880E-16, 6.299E-16, 8.171E-16, 1.681E-15, 1.171E-15, 1.169E-15, 1.622E-15, 5.537E-16, 4.234E-16, 1.747E-15, 8.963E-16, 6.390E-16, 8.130E-16, 4.007E-16, 2.140E-16, 1.543E-16, 1.323E-16, 6.605E-17, 8.370E-17, 2.013E-16, 2.316E-16, 2.147E-16, 1.299E-16, 4.079E-16, 4.431E-16, 6.044E-16, 1.731E-15, 9.112E-16, 1.031E-15, 9.937E-16, 4.917E-16, 5.549E-17, 6.539E-17, 5.128E-17, 3.945E-17, 4.491E-17, 5.538E-17, 8.941E-17, 1.587E-16, 1.036E-16, 9.415E-17
1.716E-16, 2.269E-16, 8.012E-17, 7.195E-17, 3.008E-17, 3.559E-17, 3.898E-17, 5.282E-17, 4.133E-17, 4.136E-17, 9.927E-17, 1.094E-16, 5.051E-17, 4.437E-17, 4.110E-17, 4.060E-16, 9.939E-16, 3.996E-15, 1.712E-14, 9.001E-15, 2.478E-15, 2.361E-15, 2.052E-15, 7.030E-16, 2.567E-16, 2.228E-16, 1.656E-16, 1.977E-16, 1.820E-16, 2.210E-16, 1.867E-16, 6.679E-16, 1.075E-15, 6.254E-16, 7.243E-16, 7.900E-16, 6.179E-16, 4.389E-16, 3.809E-16, 4.022E-16, 4.868E-16, 7.051E-16, 5.756E-16, 6.101E-16, 9.802E-16, 9.014E-16, 1.186E-15, 7.642E-16, 8.724E-16, 4.516E-16, 3.733E-16, 8.687E-16, 9.671E-16, 4.502E-16, 2.656E-16, 2.145E-16, 3.555E-16, 1.674E-15, 2.701E-15, 1.651E-15, 8.562E-16, 4.327E-16, 1.108E-16, 4.843E-17, 1.443E-17, 4.161E-17, 3.498E-17, 9.356E-17, 8.367E-17, 1.166E-16, 1.200E-16, 2.701E-16
1.869E-16, 1.391E-16, 1.188E-16, 6.707E-17, 4.891E-17, 4.410E-17, 4.485E-17, 2.705E-17, 2.542E-17, 2.757E-17, 4.199E-17, 4.228E-17, 9.274E-17, 7.778E-17, 1.927E-16, 3.072E-16, 1.139E-15, 3.052E-15, 6.120E-15, 5.315E-15, 2.112E-15, 1.236E-15, 9.548E-16, 3.943E-16, 2.237E-16, 9.706E-17, 7.037E-17, 3.340E-17, 6.366E-17, 1.605E-16, 1.726E-16, 3.676E-16, 8.172E-16, 7.242E-16, 6.370E-16, 9.643E-16, 6.894E-16, 3.608E-16, 2.146E-16, 2.789E-16, 2.507E-16, 2.446E-16, 2.099E-16, 1.854E-16, 4.295E-16, 1.024E-15, 1.386E-15, 9.376E-16, 8.076E-16, 8.939E-16, 1.128E-15, 1.147E-15, 1.080E-15, 9.012E-16, 7.807E-16, 6.936E-16, 8.248E-16, 8.834E-16, 6.711E-16, 1.135E-15, 8.871E-16, 6.741E-16, 4.309E-16, 4.270E-16, 2.491E-16, 1.748E-16, 3.408E-16, 1.259E-16, 1.089E-16, 1.909E-16, 4.358E-16, 1.423E-16
1.737E-16, 1.260E-16, 1.071E-16, 1.072E-16, 1.031E-16, 9.208E-17, 6.172E-17, 4.396E-17, 4.284E-17, 3.280E-17, 3.747E-17, 4.254E-17, 6.568E-17, 4.081E-17, 7.029E-17, 8.818E-17, 2.706E-16, 7.848E-16, 2.426E-15, 1.853E-15, 1.264E-15, 7.683E-16, 5.599E-16, 1.827E-16, 8.652E-17, 6.000E-17, 3.601E-17, 4.807E-17, 5.190E-17, 1.184E-16, 1.930E-16, 2.529E-16, 3.809E-16, 8.159E-16, 8.080E-16, 5.504E-16, 2.779E-16, 4.182E-16, 2.978E-16, 3.482E-16, 3.640E-16, 4.952E-16, 3.076E-16, 2.001E-16, 2.413E-16, 3.296E-16, 6.401E-16, 8.590E-16, 1.495E-15, 2.043E-15, 2.421E-15, 2.252E-15, 1.466E-15, 1.508E-15, 1.266E-15, 9.528E-16, 1.150E-15, 1.959E-15, 1.328E-15, 1.181E-15, 8.523E-16, 6.744E-16, 6.280E-16, 6.946E-16, 5.098E-16, 4.229E-16, 3.701E-16, 3.948E-16, 2.927E-16, 2.599E-16, 2.326E-16, 1.474E-16
1.222E-16, 1.206E-16, 9.634E-17, 1.295E-16, 1.234E-16, 1.364E-16, 6.860E-17, 5.021E-17, 4.537E-17, 4.238E-17, 3.641E-17, 6.459E-17, 1.055E-16, 1.523E-16, 9.942E-17, 1.148E-16, 2.518E-16, 3.826E-16, 5.249E-16, 1.032E-15, 7.217E-16, 3.890E-16, 2.479E-16, 1.675E-16, 1.070E-16, 8.391E-17, 6.914E-17, 6.151E-17, 5.329E-17, 4.606E-17, 8.012E-17, 1.613E-16, 2.274E-16, 5.739E-16, 7.084E-16, 6.709E-16, 2.853E-16, 4.393E-16, 5.002E-16, 1.289E-15, 1.818E-15, 1.062E-15, 5.009E-16, 4.004E-16, 2.861E-16, 1.891E-16, 3.872E-16, 7.995E-16, 2.210E-15, 2.961E-15, 2.946E-15, 2.156E-15, 9.868E-16, 8.798E-16, 7.407E-16, 6.359E-16, 9.680E-16, 2.216E-15, 8.003E-16, 5.412E-16, 4.963E-16, 4.406E-16, 3.926E-16, 3.338E-16, 3.337E-16, 3.457E-16, 3.011E-16, 2.647E-16, 2.430E-16, 2.358E-16, 2.118E-16, 1.820E-16
6.073E-17, 5.694E-17, 6.685E-17, 6.646E-17, 6.214E-17, 7.921E-17, 1.055E-16, 1.050E-16, 1.150E-16, 5.731E-17, 9.751E-17, 7.018E-17, 1.169E-16, 1.312E-16, 1.439E-16, 1.410E-16, 9.739E-17, 1.275E-16, 1.726E-16, 4.095E-16, 3.124E-16, 2.132E-16, 1.682E-16, 1.720E-16, 1.323E-16, 1.047E-16, 7.907E-17, 6.693E-17, 5.106E-17, 3.919E-17, 4.135E-17, 4.835E-17, 1.776E-16, 3.859E-16, 5.024E-16, 5.750E-16, 2.905E-16, 1.474E-16, 5.215E-16, 9.374E-16, 7.256E-16, 4.585E-16, 3.072E-16, 1.862E-16, 2.188E-16, 2.098E-16, 3.174E-16, 7.331E-16, 1.473E-15, 2.193E-15, 2.052E-15, 1.304E-15, 1.429E-15, 9.488E-16, 6.969E-16, 4.919E-16, 4.046E-16, 3.389E-16, 2.653E-16, 1.857E-16, 2.056E-16, 1.927E-16, 1.865E-16, 1.567E-16, 1.775E-16, 1.467E-16, 1.419E-16, 1.137E-16, 1.048E-16, 9.688E-17, 9.457E-17, 7.360E-17
5.378E-17, 5.336E-17, 5.285E-17, 4.669E-17, 4.881E-17, 4.653E-17, 4.845E-17, 6.297E-17, 7.170E-17, 5.446E-17, 1.573E-16, 4.234E-16, 4.402E-16, 2.994E-16, 2.034E-16, 1.394E-16, 9.889E-17, 8.431E-17, 9.222E-17, 1.343E-16, 1.433E-16, 1.140E-16, 1.241E-16, 1.200E-16, 1.194E-16, 8.715E-17, 8.743E-17, 9.968E-17, 8.692E-17, 5.227E-17, 4.859E-17, 6.041E-17, 1.323E-16, 2.082E-16, 3.175E-16, 2.275E-16, 2.447E-16, 1.079E-16, 9.131E-17, 2.064E-16, 2.855E-16, 2.876E-16, 2.886E-16, 2.030E-16, 1.275E-16, 1.225E-16, 1.600E-16, 3.696E-16, 9.104E-16, 1.032E-15, 1.181E-15, 1.153E-15, 1.150E-15, 9.433E-16, 5.683E-16, 3.239E-16, 3.115E-16, 2.632E-16, 2.472E-16, 2.346E-16, 1.673E-16, 1.158E-16, 6.698E-17, 6.377E-17, 5.169E-17, 5.882E-17, 6.097E-17, 4.810E-17, 5.306E-17, 6.220E-17, 5.805E-17, 5.419E-17
5.113E-17, 4.854E-17, 5.389E-17, 5.786E-17, 4.987E-17, 5.161E-17, 5.570E-17, 5.540E-17, 4.760E-17, 6.077E-17, 1.836E-16, 4.691E-16, 4.916E-16, 3.820E-16, 3.134E-16, 2.010E-16, 1.578E-16, 1.407E-16, 9.559E-17, 8.222E-17, 9.836E-17, 1.022E-16, 9.496E-17, 1.064E-16, 9.676E-17, 8.809E-17, 8.651E-17, 5.502E-17, 5.396E-17, 4.964E-17, 5.509E-17, 6.396E-17, 9.039E-17, 1.866E-16, 2.039E-16, 1.599E-16, 1.627E-16, 9.599E-17, 7.242E-17, 1.044E-16, 1.482E-16, 1.594E-16, 2.363E-16, 1.934E-16, 1.518E-16, 1.654E-16, 5.436E-16, 2.715E-16, 3.489E-16, 3.756E-16, 5.625E-16, 5.386E-16, 3.588E-16, 2.482E-16, 2.678E-16, 2.364E-16, 1.975E-16, 2.011E-16, 1.325E-16, 9.875E-17, 7.701E-17, 6.820E-17, 5.765E-17, 4.516E-17, 4.242E-17, 4.888E-17, 5.029E-17, 4.930E-17, 5.065E-17, 5.198E-17, 5.265E-17, 5.586E-17
6.097E-17, 6.181E-17, 6.087E-17, 5.759E-17, 5.959E-17, 5.591E-17, 5.600E-17, 5.559E-17, 5.626E-17, 9.401E-17, 1.899E-16, 2.628E-16, 3.204E-16, 2.843E-16, 2.481E-16, 2.129E-16, 2.182E-16, 2.209E-16, 1.720E-16, 1.247E-16, 1.159E-16, 1.067E-16, 9.777E-17, 9.165E-17, 7.801E-17, 6.242E-17, 4.399E-17, 3.310E-17, 2.667E-17, 2.825E-17, 2.893E-17, 3.963E-17, 5.939E-17, 9.773E-17, 1.358E-16, 1.500E-16, 1.429E-16, 1.105E-16, 7.714E-17, 7.805E-17, 1.010E-16, 1.752E-16, 2.002E-16, 1.317E-16, 9.231E-17, 1.195E-16, 2.255E-16, 3.326E-16, 3.368E-16, 4.679E-16, 3.383E-16, 4.032E-16, 2.352E-16, 1.556E-16, 1.372E-16, 1.381E-16, 1.330E-16, 8.250E-17, 6.980E-17, 5.662E-17, 5.757E-17, 4.744E-17, 3.899E-17, 3.026E-17, 3.026E-17, 3.493E-17, 3.859E-17, 4.274E-17, 5.041E-17, 5.665E-17, 6.260E-17, 5.907E-17
5.594E-17, 6.587E-17, 7.597E-17, 6.673E-17, 5.844E-17, 6.402E-17, 7.113E-17, 8.239E-17, 9.601E-17, 1.282E-16, 1.746E-16, 1.513E-16, 1.492E-16, 1.556E-16, 1.642E-16, 1.760E-16, 1.706E-16, 1.612E-16, 1.317E-16, 1.064E-16, 9.823E-17, 7.366E-17, 5.533E-17, 5.526E-17, 5.785E-17, 5.549E-17, 3.822E-17, 3.222E-17, 2.990E-17, 3.046E-17, 3.819E-17, 5.274E-17, 7.212E-17, 9.936E-17, 1.153E-16, 1.317E-16, 1.319E-16, 1.402E-16, 1.464E-16, 1.355E-16, 1.487E-16, 1.433E-16, 1.003E-16, 8.735E-17, 1.010E-16, 1.653E-16, 2.409E-16, 3.834E-16, 5.655E-16, 4.137E-16, 5.096E-16, 4.127E-16, 3.044E-16, 2.060E-16, 1.321E-16, 9.515E-17, 7.998E-17, 5.362E-17, 3.820E-17, 2.952E-17, 2.616E-17, 2.641E-17, 3.453E-17, 3.782E-17, 3.750E-17, 3.706E-17, 3.974E-17, 5.015E-17, 4.599E-17, 4.432E-17, 4.728E-17, 5.092E-17
5.885E-17, 6.440E-17, 7.116E-17, 7.799E-17, 7.462E-17, 7.070E-17, 7.538E-17, 9.070E-17, 1.079E-16, 1.194E-16, 1.412E-16, 1.441E-16, 1.260E-16, 1.033E-16, 9.353E-17, 7.927E-17, 6.609E-17, 7.101E-17, 7.190E-17, 8.181E-17, 9.043E-17, 7.998E-17, 6.580E-17, 6.901E-17, 7.502E-17, 6.493E-17, 5.909E-17, 5.184E-17, 4.260E-17, 4.924E-17, 6.939E-17, 9.767E-17, 1.010E-16, 1.133E-16, 1.211E-16, 1.198E-16, 1.249E-16, 1.306E-16, 1.346E-16, 1.353E-16, 1.194E-16, 9.955E-17, 8.679E-17, 7.932E-17, 7.189E-17, 1.009E-16, 1.433E-16, 1.991E-16, 2.362E-16, 2.204E-16, 1.748E-16, 1.360E-16, 1.353E-16, 1.133E-16, 1.156E-16, 1.003E-16, 7.332E-17, 4.826E-17, 4.307E-17, 3.648E-17, 3.323E-17, 3.439E-17, 3.686E-17, 3.965E-17, 4.076E-17, 4.494E-17, 5.027E-17, 5.335E-17, 5.145E-17, 5.377E-17, 5.569E-17, 5.391E-17
7.280E-17, 6.270E-17, 6.134E-17, 7.046E-17, 7.717E-17, 7.645E-17, 9.180E-17, 1.075E-16, 8.702E-17, 6.901E-17, 6.990E-17, 6.247E-17, 5.535E-17, 5.560E-17, 4.714E-17, 3.831E-17, 3.677E-17, 3.570E-17, 3.420E-17, 3.550E-17, 3.823E-17, 4.179E-17, 4.243E-17, 5.091E-17, 5.757E-17, 5.605E-17, 5.552E-17, 4.614E-17, 4.533E-17, 4.467E-17, 4.453E-17, 6.455E-17, 8.077E-17, 7.723E-17, 8.443E-17, 8.213E-17, 8.036E-17, 7.965E-17, 8.052E-17, 8.546E-17, 8.677E-17, 8.453E-17, 8.053E-17, 7.151E-17, 6.150E-17, 5.754E-17, 5.538E-17, 5.297E-17, 5.456E-17, 7.918E-17, 9.118E-17, 9.231E-17, 9.382E-17, 8.833E-17, 7.675E-17, 6.451E-17, 6.285E-17, 3.749E-17, 3.572E-17, 3.765E-17, 3.923E-17, 3.941E-17, 3.964E-17, 4.036E-17, 4.501E-17, 4.472E-17, 4.465E-17, 4.747E-17, 5.153E-17, 5.589E-17, 5.694E-17, 7.578E-17
5.447E-17, 5.111E-17, 5.487E-17, 5.783E-17, 5.565E-17, 4.603E-17, 4.322E-17, 4.139E-17, 4.370E-17, 5.252E-17, 5.287E-17, 5.012E-17, 4.819E-17, 4.485E-17, 4.037E-17, 3.707E-17, 3.513E-17, 3.441E-17, 3.504E-17, 3.996E-17, 4.495E-17, 4.665E-17, 4.635E-17, 4.657E-17, 4.651E-17, 4.218E-17, 4.174E-17, 4.172E-17, 4.179E-17, 4.215E-17, 4.509E-17, 5.379E-17, 5.275E-17, 4.282E-17, 4.157E-17, 4.101E-17, 3.969E-17, 4.056E-17, 4.346E-17, 4.718E-17, 4.961E-17, 5.020E-17, 5.167E-17, 5.315E-17, 5.394E-17, 5.917E-17, 6.056E-17, 6.184E-17, 6.223E-17, 6.076E-17, 5.965E-17, 6.203E-17, 6.743E-17, 6.998E-17, 6.876E-17, 6.418E-17, 6.361E-17, 6.673E-17, 6.864E-17, 6.659E-17, 6.209E-17, 6.519E-17, 7.842E-17, 9.176E-17, 9.121E-17, 8.589E-17, 7.215E-17, 5.846E-17, 5.547E-17, 5.906E-17, 6.129E-17, 5.931E-17
5.034E-17, 5.062E-17, 4.932E-17, 4.571E-17, 4.401E-17, 4.474E-17, 4.588E-17, 4.935E-17, 5.193E-17, 5.441E-17, 5.362E-17, 5.380E-17, 5.309E-17, 5.260E-17, 5.218E-17, 5.134E-17, 5.071E-17, 5.039E-17, 4.893E-17, 4.773E-17, 4.630E-17, 4.416E-17, 4.258E-17, 4.258E-17, 4.218E-17, 4.500E-17, 4.664E-17, 4.872E-17, 4.956E-17, 4.942E-17, 4.936E-17, 4.899E-17, 4.737E-17, 4.316E-17, 3.969E-17, 3.679E-17, 3.444E-17, 3.432E-17, 3.599E-17, 4.022E-17, 4.428E-17, 4.735E-17, 4.916E-17, 5.157E-17, 5.456E-17, 5.779E-17, 6.256E-17, 6.718E-17, 7.027E-17, 6.933E-17, 7.107E-17, 9.212E-17, 1.156E-16, 1.170E-16, 1.146E-16, 1.018E-16, 8.388E-17, 7.394E-17, 7.309E-17, 6.633E-17, 5.989E-17, 5.858E-17, 5.805E-17, 5.456E-17, 5.065E-17, 4.877E-17, 4.619E-17, 4.552E-17, 4.674E-17, 4.825E-17, 4.928E-17, 4.950E-17
5.109E-17, 5.124E-17, 5.219E-17, 5.295E-17, 5.453E-17, 5.600E-17, 5.718E-17, 5.674E-17, 5.852E-17, 6.104E-17, 6.309E-17, 6.425E-17, 6.618E-17, 6.699E-17, 7.099E-17, 8.037E-17, 9.548E-17, 1.158E-16, 1.594E-16, 1.880E-16, 2.400E-16, 2.735E-16, 3.151E-16, 3.422E-16, 3.603E-16, 3.420E-16, 2.875E-16, 2.329E-16, 1.741E-16, 1.339E-16, 1.137E-16, 1.035E-16, 9.099E-17, 8.248E-17, 7.976E-17, 7.985E-17, 7.724E-17, 8.010E-17, 8.551E-17, 8.927E-17, 9.044E-17, 8.770E-17, 8.747E-17, 8.452E-17, 7.774E-17, 7.304E-17, 7.315E-17, 7.651E-17, 8.677E-17, 9.476E-17, 1.048E-16, 1.225E-16, 1.293E-16, 1.359E-16, 1.269E-16, 1.229E-16, 1.139E-16, 1.044E-16, 9.759E-17, 9.071E-17, 8.582E-17, 8.031E-17, 7.345E-17, 6.916E-17, 6.635E-17, 6.526E-17, 6.504E-17, 6.348E-17, 6.045E-17, 5.674E-17, 5.363E-17, 5.192E-17
8.126E-17, 8.149E-17, 8.181E-17, 8.221E-17, 8.269E-17, 8.452E-17, 8.512E-17, 8.576E-17, 8.646E-17, 8.720E-17, 8.883E-17, 8.966E-17, 9.075E-17, 9.165E-17, 9.257E-17, 9.351E-17, 9.448E-17, 9.545E-17, 9.250E-17, 9.332E-17, 9.419E-17, 9.513E-17, 9.609E-17, 9.704E-17, 9.792E-17, 9.869E-17, 9.932E-17, 9.981E-17, 1.001E-16, 1.004E-16, 1.005E-16, 9.932E-17, 9.930E-17, 9.914E-17, 9.900E-17, 9.861E-17, 1.001E-16, 9.944E-17, 9.868E-17, 9.781E-17, 9.672E-17, 9.571E-17, 9.467E-17, 9.380E-17, 9.311E-17, 9.252E-17, 9.208E-17, 9.168E-17, 9.135E-17, 9.103E-17, 9.072E-17, 9.040E-17, 8.823E-17, 8.797E-17, 8.764E-17, 8.729E-17, 8.685E-17, 8.657E-17, 8.596E-17, 8.527E-17, 8.449E-17, 8.368E-17, 8.286E-17, 8.209E-17, 8.142E-17, 8.085E-17, 8.045E-17, 8.014E-17, 7.999E-17, 7.993E-17, 8.037E-17, 8.047E-17